14
XM_012087788.1 0.0000000 2.3134796 0.3426888 0.3339512 0.3300782 0.3269285 0.4117163 0.4028411 0.2237762 0.3920738 0.3064401 0.0782569 0.4223062 0.4203211 
XM_011955953.1 2.3134796 0.0000000 0.0759192 0.0788204 0.0758932 0.0759043 0.7307771 0.7311414 0.4500048 0.7280978 0.7200495 0.2014615 0.7324176 0.7254597 
XM_023228233.3 0.3426888 0.0759192 0.0000000 0.0297603 0.0274686 0.0244739 0.2005300 0.1987429 0.0949552 0.2068399 0.1536636 0.0336227 0.1942223 0.1924098 
XM_025380560.1 0.3339512 0.0788204 0.0297603 0.0000000 0.0132327 0.0087972 0.1999848 0.1964491 0.0889473 0.2046476 0.1464876 0.0413774 0.2105696 0.2079913 
XM_011967097.1 0.3300782 0.0758932 0.0274686 0.0132327 0.0000000 0.0087971 0.1942874 0.1897670 0.0837462 0.1979089 0.1391808 0.0370786 0.2077521 0.2041877 
XM_009203719.4 0.3269285 0.0759043 0.0244739 0.0087972 0.0087971 0.0000000 0.1942688 0.1897471 0.0837512 0.2811100 0.1409690 0.0370644 0.2045950 0.2018631 
XM_038004457.1 0.4117163 0.7307771 0.2005300 0.1999848 0.1942874 0.1942688 0.0000000 0.0188379 0.0136156 0.0150700 0.0118158 0.0344809 0.0334598 0.0275476 
XM_011731314.1 0.4028411 0.7311414 0.1987429 0.1964491 0.1897670 0.1897471 0.0188379 0.0000000 0.0114257 0.0122764 0.0088449 0.0370642 0.0359262 0.0307183 
XM_050782631.1 0.2237762 0.4500048 0.0949552 0.0889473 0.0837462 0.0837512 0.0136156 0.0114257 0.0000000 0.0052283 0.0052678 0.0327541 0.0251892 0.0221212 
XM_028844760.1 0.3920738 0.7280978 0.2068399 0.2046476 0.1979089 0.2811100 0.0150700 0.0122764 0.0052283 0.0000000 0.0029161 0.0301940 0.0334916 0.0261043 
XM_045388531.1 0.3064401 0.7200495 0.1536636 0.1464876 0.1391808 0.1409690 0.0118158 0.0088449 0.0052678 0.0029161 0.0000000 0.0310366 0.0276093 0.0223340 
XM_030933309.1 0.0782569 0.2014615 0.0336227 0.0413774 0.0370786 0.0370644 0.0344809 0.0370642 0.0327541 0.0301940 0.0310366 0.0000000 0.0276237 0.0166269 
XM_033192941.1 0.4223062 0.7324176 0.1942223 0.2105696 0.2077521 0.2045950 0.0334598 0.0359262 0.0251892 0.0334916 0.0276093 0.0276237 0.0000000 0.0158128 
XM_017864605.1 0.4203211 0.7254597 0.1924098 0.2079913 0.2041877 0.2018631 0.0275476 0.0307183 0.0221212 0.0261043 0.0223340 0.0166269 0.0158128 0.0000000 
